(248976000, 2209)
(227592000, 2)
(227638530, 16)
(227278980, 2)
(248373000, 338)
(227278350, 90)
(305370000, 2393)
(227319570, 6)
(319064400, 1)
(227318040, 33)
(227666970, 88)
(227004570, 7)
(227988000, 1019)
(228106800, 6)
(235034658, 129)
(228017700, 2469)
(227001510, 4)
(249993000, 276)
(227008170, 744)
(227334960, 1)
(212373000, 2153)
(227163870, 10)
(227650230, 37)
(228195000, 8)
(227597130, 299)
(228312000, 7)
(227414880, 11)
(227635650, 72)
(227844000, 9)
(261027270, 1)
(215901000, 1715)
(227003850, 149)
(227402190, 515)
(228171600, 11)
(226179000, 11)
(227798280, 7)
(235009620, 21)
(228051000, 17731)
(249399000, 1110)
(227736540, 5466)
(227094750, 10)
(227340000, 6)
(228762000, 146)
(227787750, 21)
(227004390, 415)
(228258000, 41)
(227430000, 57)
(245547000, 2265)
(228267900, 5859)
(227401470, 308)
(228160000, 42)
(228376000, 337)
(227644930, 12)
(227294470, 172)
(228190600, 84)
(227635210, 567)
(256483000, 1794)
(227590030, 228)
(227391760, 889)
(227229850, 52)
(538002973, 77157)
(228853000, 12)
(227016100, 70223)
(253225000, 76341)
(235103401, 8)
(227003050, 1106)
(227519920, 7)
(205309000, 23298)
(227258290, 4)
(227011870, 10)
(226243000, 14)
(227628730, 253)
(226216000, 950)
(211617730, 599)
(227485000, 20)
(227314000, 53)
(227827000, 107)
(227104210, 82)
(227320660, 3)
(235100629, 1122)
(227701720, 17)
(227002330, 708)
(227143900, 6)
(304786000, 791)
(636092263, 1628)
(228925000, 129)
(227656810, 6)
(245926000, 363)
(228016000, 19)
(227647090, 45)
(265771000, 14)
(227069470, 34)
(227690560, 248)
(227319130, 2)
(227636480, 13)
(227000000, 9)
(227574020, 16)
(244694000, 1863)
(227640710, 277)
(227909000, 3)
(227221130, 12)
(227003150, 5)
(228208700, 69)
(229898000, 384)
(249959000, 16)
(211668500, 382)
(244847000, 754)
(228037700, 27)
(211522970, 10)
(227006750, 3298)
(227355680, 1)
(227270000, 13519)
(227108900, 91)
(227138600, 16)
(228118700, 15)
(228020600, 36)
(227486000, 44)
(244469000, 1691)
(211232180, 195)
(227144630, 1)
(228899000, 10)
(538003514, 2114)
(227114300, 321)
(227353790, 40)
(232616000, 365)
(220052000, 2108)
(227047880, 3)
(227580230, 1)
(227214920, 4)
(228817100, 87)
(229394000, 2)
(228236600, 986)
(227029970, 5)
(228935000, 65)
(211447460, 15)
(248465000, 10948)
(351020000, 50288)
(249104000, 498)
(269669000, 1240)
(227199080, 13)
(235090793, 16)
(228018800, 72)
(227297000, 2308)
(227591030, 27)
(228827000, 6889)
(227004410, 63)
(227142200, 51)
(245136000, 240)
(227289990, 4)
(256341000, 1326)
(228252000, 4)
(227796240, 19)
(228954000, 140)
(226263000, 14)
(367598370, 4)
(228621000, 5)
(228236700, 34)
(232374000, 2)
(228208800, 28)
(305166000, 366)
(227751330, 9)
(311009700, 439)
(227285670, 13)
(227577000, 1303)
(227406000, 19)
(228126000, 3)
(308541000, 1791)
(245181000, 1628)
(228155700, 49)
(235097013, 4)
(227091000, 107702)
(228219600, 6)
(227167050, 159)
(227400510, 1083)
(235087041, 25248)
(227392140, 78)
(228333000, 16)
(227654220, 33)
(258088080, 119)
(228218700, 14)
(227588970, 40)
(228174600, 11)
(207138000, 1152)
(227811000, 1)
(477024600, 6065)
(227806500, 3)
(227631450, 144)
(228387000, 6)
(235005150, 1)
(227820000, 9)
(228306000, 11)
(227397000, 61)
(235056099, 75)
(228945000, 41)
(227001450, 206)
(245334000, 7066)
(227306100, 280)
(227128800, 1)
(227710560, 723)
(228344700, 4)
(228135000, 1)
(227344000, 19)
(227749270, 3)
(227002630, 163010)
(227144200, 5)
(228037900, 1)
(227280910, 11)
(308218000, 1744)
(244543000, 1093)
(235114006, 1132)
(228184600, 13)
(228165700, 4279)
(538004506, 2133)
(227611930, 306)
(227169310, 34)
(226084000, 52)
(227408710, 2)
(227315110, 355)
(227322670, 180)
(228109000, 143)
(227686540, 329)
(227630560, 58)
(256819000, 9)
(227317000, 29)
(577228000, 2)
(228021700, 79)
(227276230, 548)
(256765000, 2625)
(228066700, 4)
(244780618, 1)
(228946000, 697)
(227589520, 34)
(227229070, 113)
(304519000, 425)
(227327710, 1)
(228344800, 76945)
(305122000, 633)
(227640190, 27)
(309361000, 1614)
(269101930, 5)
(246388000, 10046)
(227766910, 3)
(244060168, 4)
(228235000, 2)
(228919000, 55)
(228041600, 115448)
(228848000, 1)
(228301700, 1)
(227639660, 36)
(228263900, 46)
(227353820, 112)
(228218000, 32)
(227059160, 1)
(227611670, 23)
(304655000, 693)
(227232410, 3)
(218615000, 1610)
(228311600, 11)
(228292700, 1256)
(228137900, 166)
(235103279, 1)
(246254000, 1878)
(210029000, 8)
(244810418, 5)
(227719220, 10)
(227327000, 21)
(228947000, 232)
(227715260, 33)
(227298110, 110)
(212360000, 1016)
(227372000, 7)
(227144300, 1)
(228893000, 34)
(235024268, 4)
(235013963, 7792)
(227177420, 105)
(211271630, 2)
(227570000, 19)
(227336000, 51)
(211552340, 86)
(227071310, 33)
(227831000, 112)
(227578460, 271)
(227408990, 10)
(227320160, 1)
(228238700, 75)
(228210800, 38)
(256838000, 365)
(228211700, 942)
(227624270, 91)
(228068600, 988)
(227380730, 10)
(228228800, 1354)
(228336000, 540)
(227904000, 1126)
(227303430, 842)
(227877000, 3)
(227635980, 22)
(227288130, 1)
(227051790, 49)
(228282000, 5)
(227277330, 92)
(228111000, 2610)
(228005700, 6)
(227472000, 4)
(227641920, 113)
(227009310, 13996)
(227364000, 98)
(227762340, 8)
(244329000, 1027)
(227363370, 26)
(212109000, 1161)
(228813000, 5418)
(227621940, 8)
(227641020, 2)
(227632830, 160)
(228264000, 1)
(227940000, 1)
(227322690, 59)
(1234500, 1)
(227127750, 2)
(371949000, 2480)
(248370000, 3886)
(228219000, 10)
(309165000, 14473)
(227702670, 103)
(227895000, 4694)
(228156900, 5)
(258285840, 3)
(227569380, 27)
(228849000, 42)
(256992000, 418)
(227546430, 23)
(538006389, 3)
(227355000, 52)
(227318010, 11)
(227315580, 2)
(228192000, 4)
(227017600, 1)
(227043970, 3)
(314179000, 968)
(227318020, 25)
(227941000, 110)
(235108105, 13)
(228922000, 9)
(227566870, 1)
(227311000, 95)
(228259600, 589)
(227428000, 22)
(212542000, 2171)
(227143600, 2)
(227754790, 12)
(227003560, 4)
(227686570, 21)
(227730220, 2577)
(227681710, 139)
(306862000, 3375)
(227385160, 21)
(228267700, 47303)
(226177000, 19)
(227860000, 3)
(246067000, 2)
(227133520, 3)
(228211900, 82)
(227320000, 3)
(311164000, 401)
(227283010, 36)
(228931000, 5)
(228213700, 54)
(228157000, 42)
(235081933, 767)
(228130000, 3)
(226267000, 72)
(227549140, 5)
(257536600, 8716)
(215566000, 2753)
(245068000, 26997)
(227410000, 1)
(235106917, 776)
(227905000, 11)
(227631850, 13)
(226105000, 78)
(244150000, 3)
(228337000, 5)
(227541490, 12)
(227571190, 14)
(314251000, 719)
(227002750, 2)
(211158080, 34)
(227372930, 26)
(226178000, 44)
(227114630, 280)
(215477000, 270)
(227113100, 9)
(227588930, 17)
(228842000, 38)
(227375000, 4)
(227005550, 887)
(228383000, 2)
(227382020, 5)
(227631770, 49)
(246644000, 2057)
(227222000, 11699)
(227696930, 415)
(227118500, 1)
(228905000, 65)
(227586680, 10)
(244630187, 746)
(970011656, 16)
(235015064, 91)
(227312180, 23)
(227411000, 625)
(228302900, 4)
(227915000, 27)
(306872000, 78273)
(228293000, 16)
(273413060, 1957)
(244925000, 262)
(227149730, 9)
(503006030, 22)
(227330000, 2)
(228131000, 165)
(227474000, 6)
(227734820, 1)
(228167900, 91)
(228035600, 4)
(227003750, 75)
(227393000, 27)
(228231800, 6)
(227328110, 165)
(227366000, 75)
(227265650, 22)
(248363000, 558)
(228941000, 1)
